Cp	T
1.007	33
1.007	33.33
1.007	33.67
1.006	34
1.006	34.34
1.006	34.67
1.006	35.01
1.006	35.34
1.006	35.68
1.006	36.01
1.006	36.35
1.005	36.68
1.005	37.02
1.005	37.35
1.005	37.69
1.005	38.02
1.005	38.35
1.005	38.69
1.005	39.02
1.005	39.36
1.004	39.69
1.004	40.03
1.004	40.36
1.004	40.7
1.004	41.03
1.004	41.37
1.004	41.7
1.004	42.04
1.004	42.37
1.003	42.71
1.003	43.04
1.003	43.37
1.003	43.71
1.003	44.04
1.003	44.38
1.003	44.71
1.003	45.05
1.003	45.38
1.003	45.72
1.003	46.05
1.002	46.39
1.002	46.72
1.002	47.06
1.002	47.39
1.002	47.73
1.002	48.06
1.002	48.39
1.002	48.73
1.002	49.06
1.002	49.4
1.002	49.73
1.002	50.07
1.002	50.4
1.002	50.74
1.001	51.07
1.001	51.41
1.001	51.74
1.001	52.08
1.001	52.41
1.001	52.75
1.001	53.08
1.001	53.41
1.001	53.75
1.001	54.08
1.001	54.42
1.001	54.75
1.001	55.09
1.001	55.42
1.001	55.76
1.001	56.09
1	56.43
1	56.76
1	57.1
1	57.43
1	57.77
1	58.1
1	58.43
1	58.77
1	59.1
1	59.44
1	59.77
0.9999	60.11
0.9999	60.44
0.9999	60.78
0.9998	61.11
0.9998	61.45
0.9997	61.78
0.9997	62.12
0.9996	62.45
0.9996	62.79
0.9996	63.12
0.9995	63.45
0.9995	63.79
0.9995	64.12
0.9994	64.46
0.9994	64.79
0.9993	65.13
0.9993	65.46
0.9993	65.8
0.9992	66.13
0.9992	66.47
0.9992	66.8
0.9991	67.14
0.9991	67.47
0.9991	67.81
0.9991	68.14
0.999	68.47
0.999	68.81
0.999	69.14
0.9989	69.48
0.9989	69.81
0.9989	70.15
0.9989	70.48
0.9988	70.82
0.9988	71.15
0.9988	71.49
0.9988	71.82
0.9987	72.16
0.9987	72.49
0.9987	72.83
0.9987	73.16
0.9986	73.49
0.9986	73.83
0.9986	74.16
0.9986	74.5
0.9986	74.83
0.9985	75.17
0.9985	75.5
0.9985	75.84
0.9985	76.17
0.9985	76.51
0.9984	76.84
0.9984	77.18
0.9984	77.51
0.9984	77.85
0.9984	78.18
0.9984	78.52
0.9983	78.85
0.9983	79.18
0.9983	79.52
0.9983	79.85
0.9983	80.19
0.9983	80.52
0.9983	80.86
0.9982	81.19
0.9982	81.53
0.9982	81.86
0.9982	82.2
0.9982	82.53
0.9982	82.87
0.9982	83.2
0.9982	83.54
0.9981	83.87
0.9981	84.2
0.9981	84.54
0.9981	84.87
0.9981	85.21
0.9981	85.54
0.9981	85.88
0.9981	86.21
0.9981	86.55
0.9981	86.88
0.9981	87.22
0.9981	87.55
0.998	87.89
0.998	88.22
0.998	88.56
0.998	88.89
0.998	89.22
0.998	89.56
0.998	89.89
0.998	90.23
0.998	90.56
0.998	90.9
0.998	91.23
0.998	91.57
0.998	91.9
0.998	92.24
0.998	92.57
0.998	92.91
0.998	93.24
0.998	93.58
0.998	93.91
0.998	94.24
0.998	94.58
0.998	94.91
0.998	95.25
0.998	95.58
0.998	95.92
0.998	96.25
0.998	96.59
0.998	96.92
0.998	97.26
0.998	97.59
0.998	97.93
0.998	98.26
0.998	98.6
0.998	98.93
0.998	99.26
0.998	99.6
0.998	99.93
0.998	100.3
0.998	100.6
0.998	100.9
0.998	101.3
0.998	101.6
0.998	101.9
0.998	102.3
0.998	102.6
0.998	102.9
0.998	103.3
0.998	103.6
0.998	103.9
0.998	104.3
0.998	104.6
0.998	105
0.998	105.3
0.998	105.6
0.998	106
0.998	106.3
0.9981	106.6
0.9981	107
0.9981	107.3
0.9981	107.6
0.9981	108
0.9981	108.3
0.9981	108.6
0.9981	109
0.9981	109.3
0.9981	109.6
0.9981	110
0.9981	110.3
0.9981	110.6
0.9981	111
0.9981	111.3
0.9982	111.6
0.9982	112
0.9982	112.3
0.9982	112.7
0.9982	113
0.9982	113.3
0.9982	113.7
0.9982	114
0.9982	114.3
0.9982	114.7
0.9982	115
0.9983	115.3
0.9983	115.7
0.9983	116
0.9983	116.3
0.9983	116.7
0.9983	117
0.9983	117.3
0.9983	117.7
0.9983	118
0.9984	118.3
0.9984	118.7
0.9984	119
0.9984	119.3
0.9984	119.7
0.9984	120
0.9984	120.3
0.9984	120.7
0.9984	121
0.9985	121.4
0.9985	121.7
0.9985	122
0.9985	122.4
0.9985	122.7
0.9985	123
0.9985	123.4
0.9986	123.7
0.9986	124
0.9986	124.4
0.9986	124.7
0.9986	125
0.9986	125.4
0.9986	125.7
0.9986	126
0.9987	126.4
0.9987	126.7
0.9987	127
0.9987	127.4
0.9987	127.7
0.9987	128
0.9988	128.4
0.9988	128.7
0.9988	129.1
0.9988	129.4
0.9988	129.7
0.9988	130.1
0.9988	130.4
0.9989	130.7
0.9989	131.1
0.9989	131.4
0.9989	131.7
0.9989	132.1
0.9989	132.4
0.999	132.7
0.999	133.1
0.999	133.4
0.999	133.7
0.999	134.1
0.999	134.4
0.9991	134.7
0.9991	135.1
0.9991	135.4
0.9991	135.7
0.9991	136.1
0.9992	136.4
0.9992	136.7
0.9992	137.1
0.9992	137.4
0.9992	137.8
0.9992	138.1
0.9993	138.4
0.9993	138.8
0.9993	139.1
0.9993	139.4
0.9993	139.8
0.9994	140.1
0.9994	140.4
0.9994	140.8
0.9994	141.1
0.9994	141.4
0.9995	141.8
0.9995	142.1
0.9995	142.4
0.9995	142.8
0.9995	143.1
0.9996	143.4
0.9996	143.8
0.9996	144.1
0.9996	144.4
0.9996	144.8
0.9997	145.1
0.9997	145.4
0.9997	145.8
0.9997	146.1
0.9998	146.5
0.9998	146.8
0.9998	147.1
0.9998	147.5
0.9998	147.8
0.9999	148.1
0.9999	148.5
0.9999	148.8
0.9999	149.1
1	149.5
1	149.8
1	150.1
1	150.5
1	150.8
1	151.1
1	151.5
1	151.8
1	152.1
1	152.5
1	152.8
1	153.1
1	153.5
1	153.8
1	154.2
1	154.5
1	154.8
1	155.2
1	155.5
1	155.8
1	156.2
1	156.5
1	156.8
1.001	157.2
1.001	157.5
1.001	157.8
1.001	158.2
1.001	158.5
1.001	158.8
1.001	159.2
1.001	159.5
1.001	159.8
1.001	160.2
1.001	160.5
1.001	160.8
1.001	161.2
1.001	161.5
1.001	161.8
1.001	162.2
1.001	162.5
1.001	162.9
1.001	163.2
1.001	163.5
1.001	163.9
1.001	164.2
1.001	164.5
1.001	164.9
1.001	165.2
1.001	165.5
1.001	165.9
1.001	166.2
1.001	166.5
1.001	166.9
1.001	167.2
1.001	167.5
1.001	167.9
1.001	168.2
1.001	168.5
1.001	168.9
1.002	169.2
1.002	169.5
1.002	169.9
1.002	170.2
1.002	170.5
1.002	170.9
1.002	171.2
1.002	171.6
1.002	171.9
1.002	172.2
1.002	172.6
1.002	172.9
1.002	173.2
1.002	173.6
1.002	173.9
1.002	174.2
1.002	174.6
1.002	174.9
1.002	175.2
1.002	175.6
1.002	175.9
1.002	176.2
1.002	176.6
1.002	176.9
1.002	177.2
1.002	177.6
1.002	177.9
1.002	178.2
1.002	178.6
1.002	178.9
1.003	179.3
1.003	179.6
1.003	179.9
1.003	180.3
1.003	180.6
1.003	180.9
1.003	181.3
1.003	181.6
1.003	181.9
1.003	182.3
1.003	182.6
1.003	182.9
1.003	183.3
1.003	183.6
1.003	183.9
1.003	184.3
1.003	184.6
1.003	184.9
1.003	185.3
1.003	185.6
1.003	185.9
1.003	186.3
1.003	186.6
1.003	186.9
1.003	187.3
1.003	187.6
1.003	188
1.004	188.3
1.004	188.6
1.004	189
1.004	189.3
1.004	189.6
1.004	190
1.004	190.3
1.004	190.6
1.004	191
1.004	191.3
1.004	191.6
1.004	192
1.004	192.3
1.004	192.6
1.004	193
1.004	193.3
1.004	193.6
1.004	194
1.004	194.3
1.004	194.6
1.004	195
1.004	195.3
1.004	195.6
1.004	196
1.004	196.3
1.005	196.7
1.005	197
1.005	197.3
1.005	197.7
1.005	198
1.005	198.3
1.005	198.7
1.005	199
1.005	199.3
1.005	199.7
1.005	200