Density T
62.43	34
62.43	34.33
62.43	34.67
62.43	35
62.43	35.33
62.44	35.66
62.44	36
62.44	36.33
62.44	36.66
62.44	36.99
62.44	37.33
62.44	37.66
62.44	37.99
62.44	38.32
62.44	38.66
62.44	38.99
62.44	39.32
62.44	39.66
62.44	39.99
62.44	40.32
62.44	40.65
62.44	40.99
62.44	41.32
62.44	41.65
62.44	41.98
62.44	42.32
62.44	42.65
62.43	42.98
62.43	43.31
62.43	43.65
62.43	43.98
62.43	44.31
62.43	44.65
62.43	44.98
62.43	45.31
62.43	45.64
62.43	45.98
62.43	46.31
62.43	46.64
62.43	46.97
62.43	47.31
62.43	47.64
62.43	47.97
62.42	48.3
62.42	48.64
62.42	48.97
62.42	49.3
62.42	49.64
62.42	49.97
62.42	50.3
62.42	50.63
62.42	50.97
62.42	51.3
62.41	51.63
62.41	51.96
62.41	52.3
62.41	52.63
62.41	52.96
62.41	53.29
62.41	53.63
62.41	53.96
62.4	54.29
62.4	54.63
62.4	54.96
62.4	55.29
62.4	55.62
62.4	55.96
62.4	56.29
62.39	56.62
62.39	56.95
62.39	57.29
62.39	57.62
62.39	57.95
62.39	58.28
62.38	58.62
62.38	58.95
62.38	59.28
62.38	59.62
62.38	59.95
62.38	60.28
62.37	60.61
62.37	60.95
62.37	61.28
62.37	61.61
62.37	61.94
62.36	62.28
62.36	62.61
62.36	62.94
62.36	63.27
62.36	63.61
62.35	63.94
62.35	64.27
62.35	64.61
62.35	64.94
62.34	65.27
62.34	65.6
62.34	65.94
62.34	66.27
62.34	66.6
62.33	66.93
62.33	67.27
62.33	67.6
62.33	67.93
62.32	68.26
62.32	68.6
62.32	68.93
62.32	69.26
62.31	69.6
62.31	69.93
62.31	70.26
62.31	70.59
62.3	70.93
62.3	71.26
62.3	71.59
62.3	71.92
62.29	72.26
62.29	72.59
62.29	72.92
62.29	73.25
62.28	73.59
62.28	73.92
62.28	74.25
62.27	74.59
62.27	74.92
62.27	75.25
62.27	75.58
62.26	75.92
62.26	76.25
62.26	76.58
62.25	76.91
62.25	77.25
62.25	77.58
62.25	77.91
62.24	78.24
62.24	78.58
62.24	78.91
62.23	79.24
62.23	79.58
62.23	79.91
62.22	80.24
62.22	80.57
62.22	80.91
62.21	81.24
62.21	81.57
62.21	81.9
62.2	82.24
62.2	82.57
62.2	82.9
62.19	83.23
62.19	83.57
62.19	83.9
62.18	84.23
62.18	84.57
62.18	84.9
62.17	85.23
62.17	85.56
62.17	85.9
62.16	86.23
62.16	86.56
62.16	86.89
62.15	87.23
62.15	87.56
62.15	87.89
62.14	88.22
62.14	88.56
62.13	88.89
62.13	89.22
62.13	89.56
62.12	89.89
62.12	90.22
62.12	90.55
62.11	90.89
62.11	91.22
62.11	91.55
62.1	91.88
62.1	92.22
62.09	92.55
62.09	92.88
62.09	93.21
62.08	93.55
62.08	93.88
62.07	94.21
62.07	94.55
62.07	94.88
62.06	95.21
62.06	95.54
62.05	95.88
62.05	96.21
62.05	96.54
62.04	96.87
62.04	97.21
62.03	97.54
62.03	97.87
62.03	98.2
62.02	98.54
62.02	98.87
62.01	99.2
62.01	99.54
62.01	99.87
62	100.2
62	100.5
61.99	100.9
61.99	101.2
61.98	101.5
61.98	101.9
61.98	102.2
61.97	102.5
61.97	102.9
61.96	103.2
61.96	103.5
61.95	103.9
61.95	104.2
61.94	104.5
61.94	104.9
61.94	105.2
61.93	105.5
61.93	105.9
61.92	106.2
61.92	106.5
61.91	106.9
61.91	107.2
61.9	107.5
61.9	107.9
61.89	108.2
61.89	108.5
61.89	108.8
61.88	109.2
61.88	109.5
61.87	109.8
61.87	110.2
61.86	110.5
61.86	110.8
61.85	111.2
61.85	111.5
61.84	111.8
61.84	112.2
61.83	112.5
61.83	112.8
61.82	113.2
61.82	113.5
61.81	113.8
61.81	114.2
61.8	114.5
61.8	114.8
61.79	115.2
61.79	115.5
61.78	115.8
61.78	116.2
61.77	116.5
61.77	116.8
61.76	117.2
61.76	117.5
61.75	117.8
61.75	118.2
61.74	118.5
61.74	118.8
61.73	119.2
61.73	119.5
61.72	119.8
61.72	120.2
61.71	120.5
61.71	120.8
61.7	121.2
61.7	121.5
61.69	121.8
61.69	122.2
61.68	122.5
61.68	122.8
61.67	123.2
61.67	123.5
61.66	123.8
61.66	124.2
61.65	124.5
61.65	124.8
61.64	125.2
61.64	125.5
61.63	125.8
61.62	126.1
61.62	126.5
61.61	126.8
61.61	127.1
61.6	127.5
61.6	127.8
61.59	128.1
61.59	128.5
61.58	128.8
61.58	129.1
61.57	129.5
61.56	129.8
61.56	130.1
61.55	130.5
61.55	130.8
61.54	131.1
61.54	131.5
61.53	131.8
61.53	132.1
61.52	132.5
61.51	132.8
61.51	133.1
61.5	133.5
61.5	133.8
61.49	134.1
61.49	134.5
61.48	134.8
61.47	135.1
61.47	135.5
61.46	135.8
61.46	136.1
61.45	136.5
61.44	136.8
61.44	137.1
61.43	137.5
61.43	137.8
61.42	138.1
61.42	138.5
61.41	138.8
61.4	139.1
61.4	139.5
61.39	139.8
61.39	140.1
61.38	140.5
61.37	140.8
61.37	141.1
61.36	141.5
61.36	141.8
61.35	142.1
61.34	142.4
61.34	142.8
61.33	143.1
61.33	143.4
61.32	143.8
61.31	144.1
61.31	144.4
61.3	144.8
61.3	145.1
61.29	145.4
61.28	145.8
61.28	146.1
61.27	146.4
61.26	146.8
61.26	147.1
61.25	147.4
61.25	147.8
61.24	148.1
61.23	148.4
61.23	148.8
61.22	149.1
61.22	149.4
61.21	149.8
61.2	150.1
61.2	150.4
61.19	150.8
61.18	151.1
61.18	151.4
61.17	151.8
61.16	152.1
61.16	152.4
61.15	152.8
61.15	153.1
61.14	153.4
61.13	153.8
61.13	154.1
61.12	154.4
61.11	154.8
61.11	155.1
61.1	155.4
61.09	155.8
61.09	156.1
61.08	156.4
61.07	156.8
61.07	157.1
61.06	157.4
61.05	157.8
61.05	158.1
61.04	158.4
61.03	158.7
61.03	159.1
61.02	159.4
61.01	159.7
61.01	160.1
61	160.4
60.99	160.7
60.99	161.1
60.98	161.4
60.97	161.7
60.97	162.1
60.96	162.4
60.95	162.7
60.95	163.1
60.94	163.4
60.93	163.7
60.93	164.1
60.92	164.4
60.91	164.7
60.91	165.1
60.9	165.4
60.89	165.7
60.89	166.1
60.88	166.4
60.87	166.7
60.87	167.1
60.86	167.4
60.85	167.7
60.84	168.1
60.84	168.4
60.83	168.7
60.82	169.1
60.82	169.4
60.81	169.7
60.8	170.1
60.8	170.4
60.79	170.7
60.78	171.1
60.78	171.4
60.77	171.7
60.76	172.1
60.75	172.4
60.75	172.7
60.74	173.1
60.73	173.4
60.73	173.7
60.72	174.1
60.71	174.4
60.7	174.7
60.7	175.1
60.69	175.4
60.68	175.7
60.68	176
60.67	176.4
60.66	176.7
60.65	177
60.65	177.4
60.64	177.7
60.63	178
60.62	178.4
60.62	178.7
60.61	179
60.6	179.4
60.6	179.7
60.59	180
60.58	180.4
60.57	180.7
60.57	181
60.56	181.4
60.55	181.7
60.54	182
60.54	182.4
60.53	182.7
60.52	183
60.51	183.4
60.51	183.7
60.5	184
60.49	184.4
60.48	184.7
60.48	185
60.47	185.4
60.46	185.7
60.46	186
60.45	186.4
60.44	186.7
60.43	187
60.42	187.4
60.42	187.7
60.41	188
60.4	188.4
60.39	188.7
60.39	189
60.38	189.4
60.37	189.7
60.36	190
60.36	190.4
60.35	190.7
60.34	191
60.33	191.4
60.33	191.7
60.32	192
60.31	192.3
60.3	192.7
60.3	193
60.29	193.3
60.28	193.7
60.27	194
60.26	194.3
60.26	194.7
60.25	195
60.24	195.3
60.23	195.7
60.23	196
60.22	196.3
60.21	196.7
60.2	197
60.19	197.3
60.19	197.7
60.18	198
60.17	198.3
60.16	198.7
60.15	199
60.15	199.3
60.14	199.7
60.13	200